32 32

116
1 2
1 29
2 1
2 3
2 28
2 30
3 2
3 3
3 4
3 27
3 28
3 29
4 3
4 4
4 27
4 28
5 6
5 25
6 5
6 7
6 24
6 26
7 6
7 8
7 23
7 25
8 7
8 9
8 22
8 24
9 8
9 10
9 21
9 23
10 9
10 11
10 20
10 22
11 10
11 12
11 19
11 21
12 11
12 13
12 18
12 20
13 12
13 14
13 17
13 19
14 13
14 15
14 16
14 18
15 14
15 15
15 16
15 17
16 14
16 15
16 16
16 17
17 13
17 15
17 16
17 18
18 12
18 14
18 17
18 19
19 11
19 13
19 18
19 20
20 10
20 12
20 19
20 21
21 9
21 11
21 20
21 22
22 8
22 10
22 21
22 23
23 7
23 9
23 22
23 24
24 6
24 8
24 23
24 25
25 5
25 7
25 24
25 26
26 6
26 25
27 3
27 4
27 27
27 28
28 2
28 3
28 4
28 27
28 28
28 29
29 1
29 3
29 28
29 30
30 2
30 29

64
0 1
0 30
1 0
1 31
3 5
3 26
4 5
4 26
5 3
5 4
5 5
5 26
5 27
5 28
6 6
6 25
7 7
7 24
8 8
8 23
9 9
9 22
10 10
10 21
11 11
11 20
12 12
12 19
13 13
13 18
14 14
14 17
17 14
17 17
18 13
18 18
19 12
19 19
20 11
20 20
21 10
21 21
22 9
22 22
23 8
23 23
24 7
24 24
25 6
25 25
26 3
26 4
26 5
26 26
26 27
26 28
27 5
27 26
28 5
28 26
30 0
30 31
31 1
31 30
