64 64

165
19 22
19 23
19 25
19 26
19 27
19 28
19 29
19 30
20 22
20 23
20 25
20 26
20 27
20 28
20 29
20 30
21 22
21 23
22 22
22 23
22 29
22 30
23 22
23 23
23 29
23 30
24 22
24 23
24 29
24 30
25 29
25 30
26 22
26 23
26 24
26 25
26 26
26 27
26 29
26 30
27 22
27 23
27 24
27 25
27 26
27 27
27 29
27 30
34 42
35 39
35 40
35 41
35 42
36 34
36 37
36 39
36 40
37 34
38 21
38 22
38 23
38 24
38 33
38 37
38 39
38 40
39 21
39 25
39 31
39 32
39 34
39 35
39 37
39 39
39 41
39 42
39 43
39 44
39 45
40 21
40 31
40 32
40 34
40 36
40 38
40 41
40 42
40 43
40 44
40 45
41 22
41 25
41 28
41 29
41 32
41 36
41 37
41 38
41 41
41 43
41 44
42 27
42 30
42 32
42 33
43 27
43 32
43 33
44 27
44 30
44 32
44 33
45 22
45 25
45 28
45 29
45 32
45 36
45 37
45 38
45 41
45 43
45 44
46 21
46 31
46 32
46 34
46 36
46 38
46 41
46 42
46 43
46 44
46 45
47 21
47 25
47 31
47 32
47 34
47 35
47 37
47 39
47 41
47 42
47 43
47 44
47 45
48 21
48 22
48 23
48 24
48 33
48 37
48 39
48 40
49 34
50 34
50 37
50 39
50 40
51 39
51 40
51 41
51 42
52 42

0
