64 64

136
0 30
0 34
1 31
1 33
2 32
3 31
3 33
4 30
4 34
5 29
5 35
6 28
6 36
7 27
7 37
8 26
8 38
9 25
9 39
10 24
10 40
11 23
11 41
12 22
12 42
13 21
13 43
14 20
14 44
15 19
15 45
16 18
16 46
17 17
17 47
18 16
18 48
19 15
19 49
20 14
20 50
21 13
21 51
22 12
22 52
23 11
23 53
24 10
24 54
25 9
25 55
26 8
26 56
27 7
27 57
28 0
28 6
28 58
29 1
29 5
29 59
29 63
30 2
30 4
30 60
30 62
31 3
31 61
32 2
32 4
32 60
32 62
33 1
33 5
33 59
33 63
34 0
34 6
34 58
35 7
35 57
36 8
36 56
37 9
37 55
38 10
38 54
39 11
39 53
40 12
40 52
41 13
41 51
42 14
42 50
43 15
43 49
44 16
44 48
45 17
45 47
46 18
46 46
47 19
47 45
48 20
48 44
49 21
49 43
50 22
50 42
51 23
51 41
52 24
52 40
53 25
53 39
54 26
54 38
55 27
55 37
56 28
56 36
57 29
57 35
58 30
58 34
59 31
59 33
60 32
61 31
61 33
62 30
62 34
63 29
63 35

131
20 25
20 26
20 31
20 32
20 33
20 38
20 39
21 25
21 26
21 38
21 39
22 17
22 18
22 46
22 47
23 16
23 18
23 46
23 48
24 17
24 47
25 26
25 27
25 28
25 36
25 37
25 38
26 25
26 28
26 36
26 39
27 25
27 29
27 35
27 39
28 24
28 25
28 27
28 29
28 35
28 37
28 39
28 40
29 24
29 25
29 27
29 28
29 36
29 37
29 39
29 40
30 18
30 19
30 20
30 25
30 26
30 27
30 37
30 38
30 39
30 44
30 45
30 46
31 17
31 21
31 43
31 47
32 16
32 22
32 42
32 48
33 16
33 22
33 29
33 30
33 34
33 35
33 42
33 48
34 16
34 22
34 28
34 29
34 35
34 36
34 42
34 48
35 17
35 21
35 26
35 29
35 35
35 38
35 43
35 47
36 18
36 19
36 20
36 27
36 28
36 36
36 37
36 44
36 45
36 46
37 30
37 34
38 31
38 33
39 25
39 26
39 27
39 28
39 30
39 34
39 36
39 37
39 38
39 39
40 24
40 29
40 35
40 40
41 24
41 27
41 37
41 40
42 25
42 26
42 38
42 39
